[gd_resource type="Skin" format=3 uid="uid://chusug7n5g43f"]

[resource]
resource_name = "Skin"
bind_count = 28
bind/0/name = &"mixamorig_Neck"
bind/0/bone = -1
bind/0/pose = Transform3D(1, 0, 0, 0, 1, -4.37114e-08, 0, 4.37114e-08, 1, 3.8147e-08, -1.26101, 0.0257167)
bind/1/name = &"mixamorig_Head"
bind/1/bone = -1
bind/1/pose = Transform3D(1, 0, 0, 0, 1, -4.37114e-08, 0, 4.37114e-08, 1, 3.8147e-08, -1.55556, 0.013693)
bind/2/name = &"mixamorig_Spine2"
bind/2/bone = -1
bind/2/pose = Transform3D(1, 0, 0, 0, 0.998858, 0.0477718, 0, -0.0477718, 0.998858, 3.8147e-08, -1.15967, 0.0859282)
bind/3/name = &"mixamorig_RightUpLeg"
bind/3/bone = -1
bind/3/pose = Transform3D(-0.99925, 0.0385446, -0.0036914, -0.038721, -0.994699, 0.0952619, -7.92933e-11, 0.0953334, 0.995445, -0.160394, 0.88968, -0.0510489)
bind/4/name = &"mixamorig_RightLeg"
bind/4/bone = -1
bind/4/pose = Transform3D(-0.995081, 0.0986177, -0.00944457, -0.0973089, -0.990841, -0.0936218, -0.0185908, -0.0922422, 0.995563, -0.190513, 0.493197, 0.0422528)
bind/5/name = &"mixamorig_LeftUpLeg"
bind/5/bone = -1
bind/5/pose = Transform3D(-0.999253, -0.0384044, 0.00435505, 0.0386505, -0.992889, 0.112593, -1.06293e-10, 0.112678, 0.993632, 0.160269, 0.888084, -0.0717938)
bind/6/name = &"mixamorig_RightFoot"
bind/6/bone = -1
bind/6/pose = Transform3D(-0.995028, 0.098861, -0.0120743, -0.06045, -0.503134, 0.862091, 0.0791522, 0.858535, 0.506609, -0.190624, 0.0734483, -0.0584858)
bind/7/name = &"mixamorig_RightToeBase"
bind/7/bone = -1
bind/7/pose = Transform3D(-0.997447, -0.00245624, -0.0713747, -0.0714169, 0.035663, 0.996809, 9.70282e-05, 0.999361, -0.0357473, -0.182455, -0.126518, -0.0152684)
bind/8/name = &"mixamorig_Spine"
bind/8/bone = -1
bind/8/pose = Transform3D(1, 0, 0, 0, 0.998858, 0.0477718, 0, -0.0477718, 0.998858, 3.8147e-08, -0.995209, 0.0859282)
bind/9/name = &"mixamorig_Hips"
bind/9/bone = -1
bind/9/pose = Transform3D(1, 0, 0, 0, 1, -4.37114e-08, 0, 4.37114e-08, 1, 3.8147e-08, -0.932469, 0.0414298)
bind/10/name = &"mixamorig_Spine1"
bind/10/bone = -1
bind/10/pose = Transform3D(1, 0, 0, 0, 0.998858, 0.0477718, 0, -0.0477718, 0.998858, 3.8147e-08, -1.07196, 0.0859282)
bind/11/name = &"mixamorig_LeftLeg"
bind/11/bone = -1
bind/11/pose = Transform3D(-0.995029, -0.0989515, 0.0112211, 0.0971596, -0.989326, -0.108604, 0.0218478, -0.106973, 0.994022, 0.190538, 0.493776, 0.0374463)
bind/12/name = &"mixamorig_LeftFoot"
bind/12/bone = -1
bind/12/pose = Transform3D(-0.994999, -0.0990959, 0.0125628, 0.062768, -0.522435, 0.850366, -0.0777045, 0.846901, 0.526042, 0.190589, 0.0697572, -0.0598453)
bind/13/name = &"mixamorig_LeftToeBase"
bind/13/bone = -1
bind/13/pose = Transform3D(-0.997415, -0.00296738, 0.0717991, 0.0716476, 0.0357623, 0.996789, -0.00552555, 0.999356, -0.0354573, 0.182625, -0.124895, -0.0143234)
bind/14/name = &"mixamorig_LeftShoulder"
bind/14/bone = -1
bind/14/pose = Transform3D(-0.0056636, 0.0482186, -0.998821, 0.917633, 0.397182, 0.0139709, 0.397388, -0.916472, -0.0464965, -0.0864465, -0.581173, 1.15351)
bind/15/name = &"mixamorig_LeftArm"
bind/15/bone = -1
bind/15/pose = Transform3D(0.0375311, -0.0516067, -0.997962, 0.605547, -0.793248, 0.0637938, -0.794924, -0.606708, 0.00147888, 0.0393504, 0.942582, 0.999574)
bind/16/name = &"mixamorig_LeftForeArm"
bind/16/bone = -1
bind/16/pose = Transform3D(0.438184, -0.368693, -0.819793, 0.4451, -0.703356, 0.554235, -0.780949, -0.607747, -0.144094, 0.280221, 0.689688, 0.994624)
bind/17/name = &"mixamorig_RightArm"
bind/17/bone = -1
bind/17/pose = Transform3D(0.00808383, 0.0537996, 0.998519, -0.606093, -0.793963, 0.0476851, 0.795353, -0.605581, 0.0261893, -0.0421133, 0.943392, 0.99887)
bind/18/name = &"mixamorig_RightForeArm"
bind/18/bone = -1
bind/18/pose = Transform3D(0.445505, 0.410415, 0.795666, -0.43082, -0.680791, 0.592383, 0.784805, -0.606699, -0.126481, -0.319652, 0.674048, 0.993599)
bind/19/name = &"mixamorig_RightShoulder"
bind/19/bone = -1
bind/19/pose = Transform3D(-0.0361176, -0.0483336, 0.998178, -0.917633, 0.397182, -0.013971, -0.395783, -0.916466, -0.0586978, 0.0865606, -0.581891, 1.15319)
bind/20/name = &"mixamorig_LeftHand"
bind/20/bone = -1
bind/20/pose = Transform3D(0.476151, -0.42998, -0.76707, 0.275537, -0.755423, 0.594488, -0.835081, -0.494422, -0.24122, 0.319712, 0.580312, 0.914305)
bind/21/name = &"mixamorig_RightHand"
bind/21/bone = -1
bind/21/pose = Transform3D(0.457214, 0.42903, 0.77903, -0.279168, -0.762441, 0.583738, 0.844405, -0.484373, -0.228827, -0.331433, 0.585158, 0.907483)
bind/22/name = &"mixamorig_RightHandIndex1"
bind/22/bone = -1
bind/22/pose = Transform3D(0.91923, -0.0364302, 0.392031, -0.123775, -0.971966, 0.199905, 0.373759, -0.232282, -0.89797, 0.403658, 0.754931, 0.601754)
bind/23/name = &"mixamorig_RightHandIndex2"
bind/23/bone = -1
bind/23/pose = Transform3D(0.91923, -0.0364302, 0.392031, -0.123775, -0.971966, 0.199905, 0.373759, -0.232282, -0.89797, 0.403658, 0.736854, 0.601754)
bind/24/name = &"mixamorig_RightHandIndex3"
bind/24/bone = -1
bind/24/pose = Transform3D(0.91923, -0.0364302, 0.392031, -0.123775, -0.971966, 0.199905, 0.373759, -0.232282, -0.89797, 0.405267, 0.710692, 0.593866)
bind/25/name = &"mixamorig_LeftHandIndex1"
bind/25/bone = -1
bind/25/pose = Transform3D(0.926291, 0.0432903, -0.374314, 0.120128, -0.975471, 0.184458, -0.357147, -0.215828, -0.908771, -0.417399, 0.762829, 0.581167)
bind/26/name = &"mixamorig_LeftHandIndex2"
bind/26/bone = -1
bind/26/pose = Transform3D(0.926291, 0.0432903, -0.374314, 0.120128, -0.975471, 0.184458, -0.357147, -0.215828, -0.908771, -0.417399, 0.745338, 0.581167)
bind/27/name = &"mixamorig_LeftHandIndex3"
bind/27/bone = -1
bind/27/pose = Transform3D(0.926291, 0.0432903, -0.374314, 0.120128, -0.975471, 0.184458, -0.357147, -0.215828, -0.908771, -0.418699, 0.718078, 0.573411)
